$ 1 0.000005 3.7524723159601 55 5 43 5e-11
154 496 304 672 304 0 2 5 5
155 528 416 672 416 0 5
w 400 208 768 208 0
w 768 192 768 736 0
x 536 199 622 202 4 24 partie\s1\s
w 400 208 400 736 0
L 496 288 448 288 0 0 false 5 0
L 496 320 448 320 0 1 false 5 0
L 528 416 496 416 0 1 false 5 0
M 672 304 720 304 0 2.5
M 624 416 656 416 0 2.5
M 624 480 656 480 0 2.5
M 608 576 656 576 0 2.5
L 528 576 480 576 0 1 false 5 0
L 528 608 480 608 0 0 false 5 0
x 437 389 747 392 4 20 Bascule\sD\savec\sune\sentrée\slogique
x 428 542 752 545 4 20 Multiplexeur\savec\s3\sentrées\slogiques
x 457 261 711 264 4 24 XOR\s2\sentrées\slogiques
w 400 736 768 736 0
L 576 672 576 720 0 0 false 5 0
R 528 448 480 448 1 2 100 2.5 2.5 0 0
R 960 496 912 496 1 2 100 2.5 2.5 0 0
155 960 384 1104 384 0 0
w 960 416 960 496 0
w 960 496 1088 496 0
155 1088 384 1232 384 0 0
155 1216 384 1360 384 0 0
155 1344 384 1488 384 0 0
w 1088 416 1088 496 0
w 1088 496 1216 496 0
w 1216 496 1344 496 0
w 1344 416 1344 496 0
w 1216 416 1216 496 0
L 960 384 928 384 0 0 false 5 0
w 1056 384 1088 384 0
w 1184 384 1216 384 0
w 1312 384 1344 384 0
M 1056 384 1056 320 0 2.5
M 1184 384 1184 320 0 2.5
M 1312 384 1312 320 0 2.5
L 1712 192 1680 192 0 1 false 5 0
L 1712 320 1680 320 0 0 false 5 0
L 1712 448 1680 448 0 1 false 5 0
L 1712 576 1680 576 0 0 false 5 0
155 1712 192 1856 192 0 5
155 1712 320 1856 320 0 0
155 1712 448 1856 448 0 5
155 1712 576 1856 576 0 0
R 1648 384 1600 384 1 2 25 2.5 2.5 0 0.5
w 1712 224 1664 224 0
w 1664 224 1664 352 0
w 1712 352 1664 352 0
w 1664 352 1664 384 0
w 1648 384 1664 384 0
w 1664 384 1664 480 0
w 1664 480 1712 480 0
w 1664 480 1664 608 0
w 1664 608 1712 608 0
M 1808 192 1856 192 0 2.5
M 1808 320 1856 320 0 2.5
M 1808 448 1856 448 0 2.5
M 1808 576 1856 576 0 2.5
x 1642 144 1867 147 4 24 Registre\sde\sstockage
x 1063 276 1276 279 4 24 Registre\sà\sdécalage
L 960 656 912 656 0 0 false 5 0
L 960 688 912 688 0 1 false 5 0
184 512 576 624 576 0 1
L 1024 752 976 752 0 1 false 5 0
x 926 615 1150 618 4 24 Registre\sde\ssélection
184 960 656 1072 656 0 1
M 1056 656 1088 656 0 2.5
M 1440 384 1440 320 0 2.5
M 1056 784 1088 784 0 2.5
184 960 784 1072 784 0 1
L 1024 880 976 880 0 1 false 5 0
L 960 816 912 816 0 1 false 5 0
L 960 784 912 784 0 0 false 5 0
L 960 928 912 928 0 0 false 5 0
L 960 960 912 960 0 1 false 5 0
L 1024 1024 976 1024 0 1 false 5 0
184 960 928 1072 928 0 1
M 1056 928 1088 928 0 2.5
M 1056 1072 1088 1072 0 2.5
184 960 1072 1072 1072 0 1
L 1024 1168 976 1168 0 1 false 5 0
L 960 1104 912 1104 0 1 false 5 0
L 960 1072 912 1072 0 0 false 5 0
R 1232 1040 1168 1040 1 2 25 2.5 2.5 0 0
155 1264 1008 1408 1008 0 5
154 1392 992 1488 992 0 2 5 5
155 1536 992 1680 992 0 0
M 1360 1008 1360 1024 0 2.5
w 1632 992 1632 944 0
w 1632 944 1392 944 0
w 1392 944 1392 976 0
w 1264 1040 1264 1104 0
w 1264 1104 1536 1104 0
w 1536 1104 1536 1024 0
150 1632 816 1760 816 0 2 0 5
w 1632 944 1632 832 0
w 1360 1008 1360 800 0
w 1360 800 1632 800 0
w 1360 1008 1392 1008 0
M 1632 992 1648 992 0 2.5
w 1808 1040 1808 1104 0
w 1536 1104 1808 1104 0
155 1808 1008 1952 1008 0 0
154 1760 912 1792 912 0 2 0 5
M 1904 1008 1936 1008 0 2.5
150 1904 832 1968 832 0 2 0 5
w 1760 816 1760 896 0
w 1792 912 1808 912 0
w 1760 928 1728 928 0
w 1728 928 1728 960 0
w 1728 960 1904 960 0
w 1904 960 1904 1008 0
w 2016 832 2112 832 0
155 2096 1008 2240 1008 0 0
w 1808 1104 2096 1104 0
w 2096 1104 2096 1040 0
154 2016 912 2048 912 0 2 0 5
w 2016 832 2016 896 0
w 2016 928 2016 960 0
w 2016 960 2192 960 0
w 2192 960 2192 1008 0
M 2192 960 2224 960 0 2.5
w 1904 960 1904 848 0
w 1760 816 1904 816 0
w 2256 896 2256 848 0
150 2112 848 2176 848 0 2 0 5
w 2192 960 2192 896 0
w 2192 896 2112 896 0
w 2112 896 2112 864 0
w 2176 848 2256 848 0
M 2288 1008 2320 1008 0 2.5
w 2016 832 1968 832 0
w 2096 1008 2064 1008 0
w 1808 1008 1792 1008 0
w 1520 992 1536 992 0
w 1264 1040 1232 1040 0
w 2288 1008 2256 1008 0
w 2256 896 2256 1008 0
w 2048 912 2064 1008 0
w 1808 912 1792 1008 0
w 1488 992 1520 992 0
w 1360 1072 1264 1008 0
x 1684 747 1784 750 4 24 compteur
w 2384 -48 2384 1440 0
w 2384 1440 784 1440 0
w 784 1440 784 -64 0
w 2384 -48 784 -48 0
x 1594 -83 1674 -80 4 24 partie\s2
L 2736 528 2672 528 0 1 false 5 0
L 2736 560 2688 560 0 0 false 5 0
L 2736 416 2688 416 0 0 false 5 0
L 2736 384 2672 384 0 0 false 5 0
L 2736 240 2672 240 0 0 false 5 0
L 2736 272 2688 272 0 0 false 5 0
x 2702 71 2787 74 4 24 Mix\sKey
L 2736 144 2688 144 0 0 false 5 0
L 2736 112 2672 112 0 1 false 5 0
154 2736 128 2832 128 0 2 5 5
154 2736 256 2832 256 0 2 0 5
154 2736 400 2832 400 0 2 0 5
154 2736 544 2832 544 0 2 5 5
M 2832 128 2880 128 0 2.5
M 2832 256 2880 256 0 2.5
M 2832 400 2880 400 0 2.5
M 2832 544 2880 544 0 2.5
L 3312 176 3232 176 0 1 false 5 0
L 3312 304 3232 304 0 0 false 5 0
L 3312 432 3232 432 0 1 false 5 0
L 3312 560 3232 560 0 0 false 5 0
155 3312 176 3456 176 0 5
M 3600 176 3712 176 0 2.5
M 3600 304 3712 304 0 2.5
M 3600 432 3712 432 0 2.5
M 3600 560 3728 560 0 2.5
R 3184 208 3104 208 1 2 25 2.5 2.5 0 0
w 3184 208 3312 208 0
155 3504 176 3648 176 0 0
w 3184 208 3184 112 0
w 3184 112 3456 112 0
w 3456 112 3456 208 0
w 3456 208 3504 208 0
w 3408 176 3504 304 0
w 3456 336 3504 336 0
155 3504 304 3648 304 0 0
155 3312 304 3456 304 0 0
155 3312 432 3456 432 0 5
155 3504 432 3648 432 0 0
w 3456 336 3456 464 0
w 3456 464 3504 464 0
w 3408 304 3504 432 0
w 3456 208 3456 336 0
w 3408 432 3504 560 0
w 3456 592 3504 592 0
w 3456 464 3456 592 0
155 3504 560 3648 560 0 0
155 3312 560 3456 560 0 0
w 3184 208 3184 336 0
w 3184 336 3312 336 0
w 3184 336 3184 464 0
w 3184 464 3312 464 0
w 3184 464 3184 592 0
w 3184 592 3312 592 0
w 3408 560 3424 560 0
w 3424 560 3424 672 0
w 3424 672 3760 672 0
w 3760 672 3760 128 0
w 3760 128 3504 128 0
w 3504 128 3504 176 0
w 3552 1184 3568 1184 0
w 3328 1216 3456 1216 0
w 3328 1088 3328 1216 0
w 3328 1088 3456 1088 0
w 3328 960 3328 1088 0
w 3328 960 3456 960 0
w 3328 832 3328 960 0
155 3456 1184 3600 1184 0 5
155 3648 1184 3792 1184 0 5
w 3600 1088 3600 1216 0
w 3600 1216 3648 1216 0
w 3600 832 3600 960 0
w 3600 1088 3648 1088 0
w 3600 960 3600 1088 0
155 3648 1056 3792 1056 0 5
155 3456 1056 3600 1056 0 5
155 3456 928 3600 928 0 0
155 3648 928 3792 928 0 0
w 3600 960 3648 960 0
w 3600 832 3648 832 0
w 3600 736 3600 832 0
w 3328 736 3600 736 0
w 3328 832 3328 736 0
155 3648 800 3792 800 0 5
w 3328 832 3456 832 0
R 3328 832 3248 832 1 2 200 2.5 2.5 0 0
M 3888 1184 3952 1184 0 2.5
M 3744 1056 3856 1056 0 2.5
M 3744 928 3856 928 0 2.5
M 3744 800 3856 800 0 2.5
155 3456 800 3600 800 0 5
L 3456 1184 3376 1184 0 1 false 5 0
L 3456 1056 3376 1056 0 1 false 5 0
L 3456 928 3376 928 0 0 false 5 0
L 3456 800 3376 800 0 1 false 5 0
x 3390 71 3492 74 4 24 Row\sShift
x 3582 722 3655 725 4 24 sub\sBit
w 3552 928 3648 928 0
w 3552 1056 3648 1056 0
w 2736 784 2832 1168 0
w 2736 1040 2832 1040 0
w 2736 912 2832 912 0
x 2766 706 2839 709 4 24 Flip\sBit
L 2640 784 2560 784 0 1 false 5 0
L 2640 912 2560 912 0 0 false 5 0
L 2640 1040 2560 1040 0 1 false 5 0
L 2640 1168 2560 1168 0 0 false 5 0
155 2640 784 2784 784 0 5
M 2928 784 3040 784 0 2.5
M 2928 912 3040 912 0 2.5
M 2928 1040 3040 1040 0 2.5
M 2928 1168 3056 1168 0 2.5
R 2512 816 2432 816 1 2 25 2.5 2.5 0 0
w 2512 816 2640 816 0
155 2832 784 2976 784 0 0
w 2512 816 2512 720 0
w 2512 720 2784 720 0
w 2784 720 2784 816 0
w 2784 816 2832 816 0
w 2784 944 2832 944 0
155 2832 912 2976 912 0 0
155 2640 912 2784 912 0 0
155 2640 1040 2784 1040 0 5
155 2832 1040 2976 1040 0 0
w 2784 944 2784 1072 0
w 2784 1072 2832 1072 0
w 2784 816 2784 944 0
w 2784 1200 2832 1200 0
w 2784 1072 2784 1200 0
155 2832 1168 2976 1168 0 0
155 2640 1168 2784 1168 0 0
w 2512 816 2512 944 0
w 2512 944 2640 944 0
w 2512 944 2512 1072 0
w 2512 1072 2640 1072 0
w 2512 1072 2512 1200 0
w 2512 1200 2640 1200 0
w 2736 1168 2752 1168 0
w 2752 1168 2752 1280 0
w 2752 1280 3088 1280 0
w 3088 1280 3088 736 0
w 3088 736 2832 736 0
w 2832 736 2832 784 0
w 3552 800 3648 800 0
w 3568 1184 3648 1184 0
155 3744 1184 3888 1184 0 5
w 3744 1216 3648 1216 0
I 3840 1184 3888 1184 0 0.5 5
155 4448 1472 4592 1472 0 0
