$ 1 0.000005 10.20027730826997 50 5 43 5e-11
w 4544 432 4544 352 0
w 4448 432 4544 432 0
w 4448 432 4448 352 0
w 4352 432 4448 432 0
w 4352 432 4352 352 0
w 4256 432 4352 432 0
M 4640 320 4640 288 0 2.5
M 4544 320 4544 288 0 2.5
M 4448 320 4448 272 0 2.5
M 4352 320 4352 288 0 2.5
155 4544 320 4688 320 0 5
155 4448 320 4592 320 0 0
155 4352 320 4496 320 0 5
w 4256 352 4256 432 0
155 4256 320 4400 320 0 0
R 4256 352 4176 352 1 2 100 2.5 2.5 0 0.5
424 4256 320 4176 320 256 1 40 5 0 0 0.5 0.001 1 1
